6673
6679
6689
6691
6701
6703
6709
6719
6733
6737
6761
6763
6779
6781
6791
6793
6803
6823
6827
6829
6833
6841
6857
6863
6869
6871
6883
6899
6907
6911
6917
6947
6949
6959
6961
6967
6971
6977
6983
6991
6997
7001
7013
7019
7027
7039
7043
7057
7069
7079
7103
7109
7121
7127
7129
7151
7159
7177
7187
7193
7207
7211
7213
7219
7229
7237
7243
7247
7253
7283
7297
7307
7309
7321
7331
7333
7349
7351
7369
7393
7411
7417
7433
7451
7457
7459
7477
7481
7487
7489
7499
7507
7517
7523
7529
7537
7541
7547
7549
7559
7561
7573
7577
7583
7589
7591
7603
7607
7621
7639
7643
7649
7669
7673
7681
7687
7691
7699
7703
7717
7723
7727
7741
7753
7757
7759
7789
7793
7817
7823
7829
7841
7853
7867
7873
7877
7879
7883
7901
7907
7919
7927
7933
7937
7949
7951
7963
7993
8009
8011
8017
8039
8053
8059
8069
8081
8087
8089
8093
8101
8111
8117
8123
8147
8161
8167
8171
8179
8191
8192
8209
8219
8221
8231
8233
8237
8243
8263
8269
8273
8287
8291
8293
8297
8311
8317
8329
8353
8363
8369
8377
8387
8389
8419
8423
8429
8431
8443
8447
8461
8467
8501
8513
8521
8527
8537
8539
8543
8563
8573
8581
8597
8599
8609
8623
8627
8629
8641
8647
8663
8669
8677
8681
8689
8693
8699
8707
8713
8719
8731
8737
8741
8747
8753
8761
8779
8783
8803
8807
8819
8821
8831
8837
8839
8849
8861
8863
8867
8887
8893
8923
8929
8933
8941
8951
8963
8969
8971
8999
9001
9007
9011
9013
9029
9041
9043
9049
9059
9067
9091
9103
9109
9127
9133
9137
9151
9157
9161
9173
9181
9187
9199
9203
9209
9221
9227
9239
9241
9257
9277
9281
9283
9293
9311
9319
9323
9337
9341
9343
9349
9371
9377
9391
9397
9403
9413
9419
9421
9431
9433
9437
9439
9461
9463
9467
9473
9479
9491
9497
9511
9521
9533
9539
9547
9551
9587
9601
9613
9619
9623
9629
9631
9643
9649
9661
9677
9679
9689
9697
9719
9721
9733
9739
9743
9749
9767
9769
9781
9787
9791
9803
9811
9817
9829
9833
9839
9851
9857
9859
9871
9883
9887
9901
9907
9923
9929
9931
9941
9949
9967
9973
10007
10009
10037
10039
10061
10067
10069
10079
10091
10093
10099
10103
10111
10133
10139
10141
10151
10159
10163
10169
10177
10181
10193
10211
10223
10243
10247
10253
10259
10267
10271
10273
10289
10301
10303
10313
10321
10331
10333
10337
10343
10357
10369
10391
10399
10427
10429
10433
10453
10457
10459
10463
10477
10487
10499
10501
10513
10529
10531
10559
10567
10589
10597
10601
10607
10613
10627
10631
10639
10651
10657
10663
10667
10687
10691
10709
10711
10723
10729
10733
10739
10753
10771
10781
10789
10799
10831
10837
10847
10853
10859
10861
10867
10883
10889
10891
10903
10909
10937
10939
10949
10957
10973
10979
10987
10993
11003
11027
11047
11057
11059
11069
11071
11083
11087
11093
11113
11117
11119
11131
11149
11159
11161
11171
11173
11177
11197
11213
11239
11243
11251
11257
11261
11273
11279
11287
11299
11311
11317
11321
11329
11351
11353
11369
11383
11393
11399
11411
11423
11437
11443
11447
11467
11471
11483
11489
11491
11497
11503
11519
11527
11549
11551
11579
11587
11593
11597
11617
11621
11633
11657
11677
11681
11689
11699
11701
11717
11719
11731
11743
11777
11779
11783
11789
11801
11807
11813
11821
11827
11831
11833
11839
11863
11867
11887
11897
11903
11909
11923
11927
11933
11939
11941
11953
11959
11969
11971
11981
11987
12007
12011
12037
12041
12043
12049
12071
12073
12097
12101
12107
12109
12113
12119
12143
12149
12157
12161
12163
12197
12203
12211
12227
12239
12241
12251
12253
12263
12269
12277
12281
12289
12301
12323
12329
12343
12347
12373
12377
12379
12391
12401
12409
12413
12421
12433
12437
12451
12457
12473
12479
12487
12491
12497
12503
12511
12517
12527
12539
12541
12547
12553
12569
12577
12583
12589
12601
12611
12613
12619
12637
12641
12647
12653
12659
12671
12689
12697
12703
12713
12721
12739
12743
12757
12763
12781
12791
12799
12809
12821
12823
12829
12841
12853
12889
12893
12899
12907
12911
12917
12919
12923
12941
12953
12959
12967
12973
12979
12983
13001
13003
13007
13009
13033
13037
13043
13049
13063
13093
13099
13103
13109
13121
13127
13147
13151
13159
13163
13171
13177
13183
13187
13217
13219
13229
13241
13249
13259
13267
13291
13297
13309
13313
13327
13331
