66683
66697
66701
66713
66721
66733
66739
66749
66751
66763
66791
66797
66809
66821
66841
66851
66853
66863
66877
66883
66889
66919
66923
66931
66943
66947
66949
66959
66973
66977
67003
67021
67033
67043
67049
67057
67061
67073
67079
67103
67121
67129
67139
67141
67153
67157
67169
67181
67187
67189
67211
67213
67217
67219
67231
67247
67261
67271
67273
67289
67307
67339
67343
67349
67369
67391
67399
67409
67411
67421
67427
67429
67433
67447
67453
67477
67481
67489
67493
67499
67511
67523
67531
67537
67547
67559
67567
67577
67579
67589
67601
67607
67619
67631
67651
67679
67699
67709
67723
67733
67741
67751
67757
67759
67763
67777
67783
67789
67801
67807
67819
67829
67843
67853
67867
67883
67891
67901
67927
67931
67933
67939
67943
67957
67961
67967
67979
67987
67993
68023
68041
68053
68059
68071
68087
68099
68111
68113
68141
68147
68161
68171
68207
68209
68213
68219
68227
68239
68261
68279
68281
68311
68329
68351
68371
68389
68399
68437
68443
68447
68449
68473
68477
68483
68489
68491
68501
68507
68521
68531
68539
68543
68567
68581
68597
68611
68633
68639
68659
68669
68683
68687
68699
68711
68713
68729
68737
68743
68749
68767
68771
68777
68791
68813
68819
68821
68863
68879
68881
68891
68897
68899
68903
68909
68917
68927
68947
68963
68993
69001
69011
69019
69029
69031
69061
69067
69073
69109
69119
69127
69143
69149
69151
69163
69191
69193
69197
69203
69221
69233
69239
69247
69257
69259
69263
69313
69317
69337
69341
69371
69379
69383
69389
69401
69403
69427
69431
69439
69457
69463
69467
69473
69481
69491
69493
69497
69499
69539
69557
69593
69623
69653
69661
69677
69691
69697
69709
69737
69739
69761
69763
69767
69779
69809
69821
69827
69829
69833
69847
69857
69859
69877
69899
69911
69929
69931
69941
69959
69991
69997
70001
70003
70009
70019
70039
70051
70061
70067
70079
70099
70111
70117
70121
70123
70139
70141
70157
70163
70177
70181
70183
70199
70201
70207
70223
70229
70237
70241
70249
70271
70289
70297
70309
70313
70321
70327
70351
70373
70379
70381
70393
70423
70429
70439
70451
70457
70459
70481
70487
70489
70501
70507
70529
70537
70549
70571
70573
70583
70589
70607
70619
70621
70627
70639
70657
70663
70667
70687
70709
70717
70729
70753
70769
70783
70793
70823
70841
70843
70849
70853
70867
70877
70879
70891
70901
70913
70919
70921
70937
70949
70951
70957
70969
70979
70981
70991
70997
70999
71011
71023
71039
71059
71069
71081
71089
71119
71129
71143
71147
71153
71161
71167
71171
71191
71209
71233
71237
71249
71257
71261
71263
71287
71293
71317
71327
71329
71333
71339
71341
71347
71353
71359
71363
71387
71389
71399
71411
71413
71419
71429
71437
71443
71453
71471
71473
71479
71483
71503
71527
71537
71549
71551
71563
71569
71593
71597
71633
71647
71663
71671
71693
71699
71707
71711
71713
71719
71741
71761
71777
71789
71807
71809
71821
71837
71843
71849
71861
71867
71879
71881
71887
71899
71909
71917
71933
71941
71947
71963
71971
71983
71987
71993
71999
72019
72031
72043
72047
72053
72073
72077
72089
72091
72101
72103
72109
72139
72161
72167
72169
72173
72211
72221
72223
72227
72229
72251
72253
72269
72271
72277
72287
72307
72313
72337
72341
72353
72367
72379
72383
72421
72431
72461
72467
72469
72481
72493
72497
72503
72533
72547
72551
72559
72577
72613
72617
72623
72643
72647
72649
72661
72671
72673
72679
72689
72701
72707
72719
72727
72733
72739
72763
72767
72797
72817
72823
72859
72869
72871
72883
72889
72893
72901
72907
72911
72923
72931
72937
72949
72953
72959
72973
72977
72997
73009
73013
73019
73037
73039
73043
73061
73063
73079
73091
73121
73127
73133
73141
73181
73189
73237
73243
73259
73277
73291
73303
73309
73327
