73327
73331
73351
73361
73363
73369
73379
73387
73417
73421
73433
73453
73459
73471
73477
73483
73517
73523
73529
73547
73553
73561
73571
73583
73589
73597
73607
73609
73613
73637
73643
73651
73673
73679
73681
73693
73699
73709
73721
73727
73751
73757
73771
73783
73819
73823
73847
73849
73859
73867
73877
73883
73897
73907
73939
73943
73951
73961
73973
73999
74017
74021
74027
74047
74051
74071
74077
74093
74099
74101
74131
74143
74149
74159
74161
74167
74177
74189
74197
74201
74203
74209
74219
74231
74257
74279
74287
74293
74297
74311
74317
74323
74353
74357
74363
74377
74381
74383
74411
74413
74419
74441
74449
74453
74471
74489
74507
74509
74521
74527
74531
74551
74561
74567
74573
74587
74597
74609
74611
74623
74653
74687
74699
74707
74713
74717
74719
74729
74731
74747
74759
74761
74771
74779
74797
74821
74827
74831
74843
74857
74861
74869
74873
74887
74891
74897
74903
74923
74929
74933
74941
74959
75011
75013
75017
75029
75037
75041
75079
75083
75109
75133
75149
75161
75167
75169
75181
75193
75209
75211
75217
75223
75227
75239
75253
75269
75277
75289
75307
75323
75329
75337
75347
75353
75367
75377
75389
75391
75401
75403
75407
75431
75437
75479
75503
75511
75521
75527
75533
75539
75541
75553
75557
75571
75577
75583
75611
75617
75619
75629
75641
75653
75659
75679
75683
75689
75703
75707
75709
75721
75731
75743
75767
75773
75781
75787
75793
75797
75821
75833
75853
75869
75883
75913
75931
75937
75941
75967
75979
75983
75989
75991
75997
76001
76003
76031
76039
76079
76081
76091
76099
76103
76123
76129
76147
76157
76159
76163
76207
76213
76231
76243
76249
76253
76259
76261
76283
76289
76303
76333
76343
76367
76369
76379
76387
76403
76421
76423
76441
76463
76471
76481
76487
76493
76507
76511
76519
76537
76541
76543
76561
76579
76597
76603
76607
76631
76649
76651
76667
76673
76679
76697
76717
76733
76753
76757
76771
76777
76781
76801
76819
76829
76831
76837
76847
76871
76873
76883
76907
76913
76919
76943
76949
76961
76963
76991
77003
77017
77023
77029
77041
77047
77069
77081
77093
77101
77137
77141
77153
77167
77171
77191
77201
77213
77237
77239
77243
77249
77261
77263
77267
77269
77279
77291
77317
77323
77339
77347
77351
77359
77369
77377
77383
77417
77419
77431
77447
77471
77477
77479
77489
77491
77509
77513
77521
77527
77543
77549
77551
77557
77563
77569
77573
77587
77591
77611
77617
77621
77641
77647
77659
77681
77687
77689
77699
77711
77713
77719
77723
77731
77743
77747
77761
77773
77783
77797
77801
77813
77839
77849
77863
77867
77893
77899
77929
77933
77951
77969
77977
77983
77999
78007
78017
78031
78041
78049
78059
78079
78101
78121
78137
78139
78157
78163
78167
78173
78179
78191
78193
78203
78229
78233
78241
78259
78277
78283
78301
78307
78311
78317
78341
78347
78367
78401
78427
78437
78439
78467
78479
78487
78497
78509
78511
78517
78539
78541
78553
78569
78571
78577
78583
78593
78607
78623
78643
78649
78653
78691
78697
78707
78713
78721
78737
78779
78781
78787
78791
78797
78803
78809
78823
78839
78853
78857
78877
78887
78889
78893
78901
78919
78929
78941
78977
78979
78989
79031
79039
79043
79063
79087
79103
79111
79133
79139
79147
79151
79153
79159
79181
79187
79193
79201
79229
79231
79241
79259
79273
79279
79283
79301
79309
79319
79333
79337
79349
79357
79367
79379
79393
79397
79399
79411
79423
79427
79433
79451
79481
79493
79531
79537
79549
79559
79561
79579
79589
79601
79609
79613
79621
79627
79631
79633
79657
79669
79687
79691
79693
79697
79699
79757
79769
79777
79801
79811
79813
79817
79823
79829
79841
79843
79847
79861
79867
79873
79889
79901
79903
79907
79939
79943
79967
79973
79979
79987
