20011
20021
20023
20029
20047
20051
20063
20071
20089
20101
20107
20113
20117
20123
20129
20143
20147
20149
20161
20173
20177
20183
20201
20219
20231
20233
20249
20261
20269
20287
20297
20323
20327
20333
20341
20347
20353
20357
20359
20369
20389
20393
20399
20407
20411
20431
20441
20443
20477
20479
20483
20507
20509
20521
20533
20543
20549
20551
20563
20593
20599
20611
20627
20639
20641
20663
20681
20693
20707
20717
20719
20731
20743
20747
20749
20753
20759
20771
20773
20789
20807
20809
20849
20857
20873
20879
20887
20897
20899
20903
20921
20929
20939
20947
20959
20963
20981
20983
21001
21011
21013
21017
21019
21023
21031
21059
21061
21067
21089
21101
21107
21121
21139
21143
21149
21157
21163
21169
21179
21187
21191
21193
21211
21221
21227
21247
21269
21277
21283
21313
21317
21319
21323
21341
21347
21377
21379
21383
21391
21397
21401
21407
21419
21433
21467
21481
21487
21491
21493
21499
21503
21517
21521
21523
21529
21557
21559
21563
21569
21577
21587
21589
21599
21601
21611
21613
21617
21647
21649
21661
21673
21683
21701
21713
21727
21737
21739
21751
21757
21767
21773
21787
21799
21803
21817
21821
21839
21841
21851
21859
21863
21871
21881
21893
21911
21929
21937
21943
21961
21977
21991
21997
22003
22013
22027
22031
22037
22039
22051
22063
22067
22073
22079
22091
22093
22109
22111
22123
22129
22133
22147
22153
22157
22159
22171
22189
22193
22229
22247
22259
22271
22273
22277
22279
22283
22291
22303
22307
22343
22349
22367
22369
22381
22391
22397
22409
22433
22441
22447
22453
22469
22481
22483
22501
22511
22531
22541
22543
22549
22567
22571
22573
22613
22619
22621
22637
22639
22643
22651
22669
22679
22691
22697
22699
22709
22717
22721
22727
22739
22741
22751
22769
22777
22783
22787
22807
22811
22817
22853
22859
22861
22871
22877
22901
22907
22921
22937
22943
22961
22963
22973
22993
23003
23011
23017
23021
23027
23029
23039
23041
23053
23057
23059
23063
23071
23081
23087
23099
23117
23131
23143
23159
23167
23173
23189
23197
23201
23203
23209
23227
23251
23269
23279
23291
23293
23297
23311
23321
23327
23333
23339
23357
23369
23371
23399
23417
23431
23447
23459
23473
23497
23509
23531
23537
23539
23549
23557
23561
23563
23567
23581
23593
23599
23603
23609
23623
23627
23629
23633
23663
23669
23671
23677
23687
23689
23719
23741
23743
23747
23753
23761
23767
23773
23789
23801
23813
23819
23827
23831
23833
23857
23869
23873
23879
23887
23893
23899
23909
23911
23917
23929
23957
23971
23977
23981
23993
24001
24007
24019
24023
24029
24043
24049
24061
24071
24077
24083
24091
24097
24103
24107
24109
24113
24121
24133
24137
24151
24169
24179
24181
24197
24203
24223
24229
24239
24247
24251
24281
24317
24329
24337
24359
24371
24373
24379
24391
24407
24413
24419
24421
24439
24443
24469
24473
24481
24499
24509
24517
24527
24533
24547
24551
24571
24593
24611
24623
24631
24659
24671
24677
24683
24691
24697
24709
24733
24749
24763
24767
24781
24793
24799
24809
24821
24841
24847
24851
24859
24877
24889
24907
24917
24919
24923
24943
24953
24967
24971
24977
24979
24989
25013
25031
25033
25037
25057
25073
25087
25097
25111
25117
25121
25127
25147
25153
25163
25169
25171
25183
25189
25219
25229
25237
25243
25247
25253
25261
25301
25303
25307
25309
25321
25339
25343
25349
25357
25367
25373
25391
25409
25411
25423
25439
25447
25453
25457
25463
25469
25471
25523
25537
25541
25561
25577
25579
25583
25589
25601
25603
25609
25621
25633
25639
25643
25657
25667
25673
25679
25693
25703
25717
25733
25741
25747
25759
25763
25771
25793
25799
25801
25819
25841
25847
25849
25867
25873
25889
25903
25913
25919
25931
25933
25939
25943
25951
25969
25981
25997
25999
26003
26017
26021
26029
26041
26053
26083
26099
26107
26111
26113
26119
26141
26153
26161
26171
26177
26183
26189
26203
26209
26227
26237
26249
26251
26261
26263
26267
26293
26297
26309
26317
26321
26339
26347
26357
26371
26387
26393
26399
26407
26417
26423
26431
26437
26449
26459
26479
26489
26497
26501
26513
26539
26557
26561
26573
26591
26597
26627
26633
26641
26647
