26669
26681
26683
26687
26693
26699
26701
26711
26713
26717
26723
26729
26731
26737
26759
26777
26783
26801
26813
26821
26833
26839
26849
26861
26863
26879
26881
26891
26893
26903
26921
26927
26947
26951
26953
26959
26981
26987
26993
27011
27017
27031
27043
27059
27061
27067
27073
27077
27091
27103
27107
27109
27127
27143
27179
27191
27197
27211
27239
27241
27253
27259
27271
27277
27281
27283
27299
27329
27337
27361
27367
27397
27407
27409
27427
27431
27437
27449
27457
27479
27481
27487
27509
27527
27529
27539
27541
27551
27581
27583
27611
27617
27631
27647
27653
27673
27689
27691
27697
27701
27733
27737
27739
27743
27749
27751
27763
27767
27773
27779
27791
27793
27799
27803
27809
27817
27823
27827
27847
27851
27883
27893
27901
27917
27919
27941
27943
27947
27953
27961
27967
27983
27997
28001
28019
28027
28031
28051
28057
28069
28081
28087
28097
28099
28109
28111
28123
28151
28163
28181
28183
28201
28211
28219
28229
28277
28279
28283
28289
28297
28307
28309
28319
28349
28351
28387
28393
28403
28409
28411
28429
28433
28439
28447
28463
28477
28493
28499
28513
28517
28537
28541
28547
28549
28559
28571
28573
28579
28591
28597
28603
28607
28619
28621
28627
28631
28643
28649
28657
28661
28663
28669
28687
28697
28703
28711
28723
28729
28751
28753
28759
28771
28789
28793
28807
28813
28817
28837
28843
28859
28867
28871
28879
28901
28909
28921
28927
28933
28949
28961
28979
29009
29017
29021
29023
29027
29033
29059
29063
29077
29101
29123
29129
29131
29137
29147
29153
29167
29173
29179
29191
29201
29207
29209
29221
29231
29243
29251
29269
29287
29297
29303
29311
29327
29333
29339
29347
29363
29383
29387
29389
29399
29401
29411
29423
29429
29437
29443
29453
29473
29483
29501
29527
29531
29537
29567
29569
29573
29581
29587
29599
29611
29629
29633
29641
29663
29669
29671
29683
29717
29723
29741
29753
29759
29761
29789
29803
29819
29833
29837
29851
29863
29867
29873
29879
29881
29917
29921
29927
29947
29959
29983
29989
30011
30013
30029
30047
30059
30071
30089
30091
30097
30103
30109
30113
30119
30133
30137
30139
30161
30169
30181
30187
30197
30203
30211
30223
30241
30253
30259
30269
30271
30293
30307
30313
30319
30323
30341
30347
30367
30389
30391
30403
30427
30431
30449
30467
30469
30491
30493
30497
30509
30517
30529
30539
30553
30557
30559
30577
30593
30631
30637
30643
30649
30661
30671
30677
30689
30697
30703
30707
30713
30727
30757
30763
30773
30781
30803
30809
30817
30829
30839
30841
30851
30853
30859
30869
30871
30881
30893
30911
30931
30937
30941
30949
30971
30977
30983
31013
31019
31033
31039
31051
31063
31069
31079
31081
31091
31121
31123
31139
31147
31151
31153
31159
31177
31181
31183
31189
31193
31219
31223
31231
31237
31247
31249
31253
31259
31267
31271
31277
31307
31319
31321
31327
31333
31337
31357
31379
31387
31391
31393
31397
31469
31477
31481
31489
31511
31513
31517
31531
31541
31543
31547
31567
31573
31583
31601
31607
31627
31643
31649
31657
31663
31667
31687
31699
31721
31723
31727
31729
31741
31751
31769
31771
31793
31799
31817
31847
31849
31859
31873
31883
31891
31907
31957
31963
31973
31981
31991
32003
32009
32027
32029
32051
32057
32059
32063
32069
32077
32083
32089
32099
32117
32119
32141
32143
32159
32173
32183
32189
32191
32203
32213
32233
32237
32251
32257
32261
32297
32299
32303
32309
32321
32323
32327
32341
32353
32359
32363
32369
32371
32377
32381
32401
32411
32413
32423
32429
32441
32443
32467
32479
32491
32497
32503
32507
32531
32533
32537
32561
32563
32569
32573
32579
32587
32603
32609
32611
32621
32633
32647
32653
32687
32693
32707
32713
32717
32719
32749
32768
32771
32779
32783
32789
32797
32801
32803
32831
32833
32839
32843
32869
32887
32909
32911
32917
32933
32939
32941
32957
32969
32971
32983
32987
32993
32999
33013
33023
33029
33037
33049
33053
33071
33073
33083
33091
33107
33113
33119
33149
33151
33161
33179
33181
33191
33199
33203
33211
33223
33247
33287
33289
33301
33311
33317
33329
33331
