46663
46679
46681
46687
46691
46703
46723
46727
46747
46751
46757
46769
46771
46807
46811
46817
46819
46829
46831
46853
46861
46867
46877
46889
46901
46919
46933
46957
46993
46997
47017
47041
47051
47057
47059
47087
47093
47111
47119
47123
47129
47137
47143
47147
47149
47161
47189
47207
47221
47237
47251
47269
47279
47287
47293
47297
47303
47309
47317
47339
47351
47353
47363
47381
47387
47389
47407
47417
47419
47431
47441
47459
47491
47497
47501
47507
47513
47521
47527
47533
47543
47563
47569
47581
47591
47599
47609
47623
47629
47639
47653
47657
47659
47681
47699
47701
47711
47713
47717
47737
47741
47743
47777
47779
47791
47797
47807
47809
47819
47837
47843
47857
47869
47881
47903
47911
47917
47933
47939
47947
47951
47963
47969
47977
47981
48017
48023
48029
48049
48073
48079
48091
48109
48119
48121
48131
48157
48163
48179
48187
48193
48197
48221
48239
48247
48259
48271
48281
48299
48311
48313
48337
48341
48353
48371
48383
48397
48407
48409
48413
48437
48449
48463
48473
48479
48481
48487
48491
48497
48523
48527
48533
48539
48541
48563
48571
48589
48593
48611
48619
48623
48647
48649
48661
48673
48677
48679
48731
48733
48751
48757
48761
48767
48779
48781
48787
48799
48809
48817
48821
48823
48847
48857
48859
48869
48871
48883
48889
48907
48947
48953
48973
48989
48991
49003
49009
49019
49031
49033
49037
49043
49057
49069
49081
49103
49109
49117
49121
49123
49139
49157
49169
49171
49177
49193
49199
49201
49207
49211
49223
49253
49261
49277
49279
49297
49307
49331
49333
49339
49363
49367
49369
49391
49393
49409
49411
49417
49429
49433
49451
49459
49463
49477
49481
49499
49523
49529
49531
49537
49547
49549
49559
49597
49603
49613
49627
49633
49639
49663
49667
49669
49681
49697
49711
49727
49739
49741
49747
49757
49783
49787
49789
49801
49807
49811
49823
49831
49843
49853
49871
49877
49891
49919
49921
49927
49937
49939
49943
49957
49991
49993
49999
50021
50023
50033
50047
50051
50053
50069
50077
50087
50093
50101
50111
50119
50123
50129
50131
50147
50153
50159
50177
50207
50221
50227
50231
50261
50263
50273
50287
50291
50311
50321
50329
50333
50341
50359
50363
50377
50383
50387
50411
50417
50423
50441
50459
50461
50497
50503
50513
50527
50539
50543
50549
50551
50581
50587
50591
50593
50599
50627
50647
50651
50671
50683
50707
50723
50741
50753
50767
50773
50777
50789
50821
50833
50839
50849
50857
50867
50873
50891
50893
50909
50923
50929
50951
50957
50969
50971
50989
50993
51001
51031
51043
51047
51059
51061
51071
51109
51131
51133
51137
51151
51157
51169
51193
51197
51199
51203
51217
51229
51239
51241
51257
51263
51283
51287
51307
51329
51341
51343
51347
51349
51361
51383
51407
51413
51419
51421
51427
51431
51437
51439
51449
51461
51473
51479
51481
51487
51503
51511
51517
51521
51539
51551
51563
51577
51581
51593
51599
51607
51613
51631
51637
51647
51659
51673
51679
51683
51691
51713
51719
51721
51749
51767
51769
51787
51797
51803
51817
51827
51829
51839
51853
51859
51869
51871
51893
51899
51907
51913
51929
51941
51949
51971
51973
51977
51991
52009
52021
52027
52051
52057
52067
52069
52081
52103
52121
52127
52147
52153
52163
52177
52181
52183
52189
52201
52223
52237
52249
52253
52259
52267
52289
52291
52301
52313
52321
52361
52363
52369
52379
52387
52391
52433
52453
52457
52489
52501
52511
52517
52529
52541
52543
52553
52561
52567
52571
52579
52583
52609
52627
52631
52639
52667
52673
52691
52697
52709
52711
52721
52727
52733
52747
52757
52769
52783
52807
52813
52817
52837
52859
52861
52879
52883
52889
52901
52903
52919
52937
52951
52957
52963
52967
52973
52981
52999
53003
53017
53047
53051
53069
53077
53087
53089
53093
53101
53113
53117
53129
53147
53149
53161
53171
53173
53189
53197
53201
53231
53233
53239
53267
53269
53279
53281
53299
53309
53323
53327
