59999
60013
60017
60029
60037
60041
60077
60083
60089
60091
60101
60103
60107
60127
60133
60139
60149
60161
60167
60169
60209
60217
60223
60251
60257
60259
60271
60289
60293
60317
60331
60337
60343
60353
60373
60383
60397
60413
60427
60443
60449
60457
60493
60497
60509
60521
60527
60539
60589
60601
60607
60611
60617
60623
60631
60637
60647
60649
60659
60661
60679
60689
60703
60719
60727
60733
60737
60757
60761
60763
60773
60779
60793
60811
60821
60859
60869
60887
60889
60899
60901
60913
60917
60919
60923
60937
60943
60953
60961
61001
61007
61027
61031
61043
61051
61057
61091
61099
61121
61129
61141
61151
61153
61169
61211
61223
61231
61253
61261
61283
61291
61297
61331
61333
61339
61343
61357
61363
61379
61381
61403
61409
61417
61441
61463
61469
61471
61483
61487
61493
61507
61511
61519
61543
61547
61553
61559
61561
61583
61603
61609
61613
61627
61631
61637
61643
61651
61657
61667
61673
61681
61687
61703
61717
61723
61729
61751
61757
61781
61813
61819
61837
61843
61861
61871
61879
61909
61927
61933
61949
61961
61967
61979
61981
61987
61991
62003
62011
62017
62039
62047
62053
62057
62071
62081
62099
62119
62129
62131
62137
62141
62143
62171
62189
62191
62201
62207
62213
62219
62233
62273
62297
62299
62303
62311
62323
62327
62347
62351
62383
62401
62417
62423
62459
62467
62473
62477
62483
62497
62501
62507
62533
62539
62549
62563
62581
62591
62597
62603
62617
62627
62633
62639
62653
62659
62683
62687
62701
62723
62731
62743
62753
62761
62773
62791
62801
62819
62827
62851
62861
62869
62873
62897
62903
62921
62927
62929
62939
62969
62971
62981
62983
62987
62989
63029
63031
63059
63067
63073
63079
63097
63103
63113
63127
63131
63149
63179
63197
63199
63211
63241
63247
63277
63281
63299
63311
63313
63317
63331
63337
63347
63353
63361
63367
63377
63389
63391
63397
63409
63419
63421
63439
63443
63463
63467
63473
63487
63493
63499
63521
63527
63533
63541
63559
63577
63587
63589
63599
63601
63607
63611
63617
63629
63647
63649
63659
63667
63671
63689
63691
63697
63703
63709
63719
63727
63737
63743
63761
63773
63781
63793
63799
63803
63809
63823
63839
63841
63853
63857
63863
63901
63907
63913
63929
63949
63977
63997
64007
64013
64019
64033
64037
64063
64067
64081
64091
64109
64123
64151
64153
64157
64171
64187
64189
64217
64223
64231
64237
64271
64279
64283
64301
64303
64319
64327
64333
64373
64381
64399
64403
64433
64439
64451
64453
64483
64489
64499
64513
64553
64567
64577
64579
64591
64601
64609
64613
64621
64627
64633
64661
64663
64667
64679
64693
64709
64717
64747
64763
64781
64783
64793
64811
64817
64849
64853
64871
64877
64879
64891
64901
64919
64921
64927
64937
64951
64969
64997
65003
65011
65027
65029
65033
65053
65063
65071
65089
65099
65101
65111
65119
65123
65129
65141
65147
65167
65171
65173
65179
65183
65203
65213
65239
65257
65267
65269
65287
65293
65309
65323
65327
65353
65357
65371
65381
65393
65407
65413
65419
65423
65437
65447
65449
65479
65497
65519
65521
65536
65537
65539
65543
65551
65557
65563
65579
65581
65587
65599
65609
65617
65629
65633
65647
65651
65657
65677
65687
65699
65701
65707
65713
65717
65719
65729
65731
65761
65777
65789
65809
65827
65831
65837
65839
65843
65851
65867
65881
65899
65921
65927
65929
65951
65957
65963
65981
65983
65993
66029
66037
66041
66047
66067
66071
66083
66089
66103
66107
66109
66137
66161
66169
66173
66179
66191
66221
66239
66271
66293
66301
66337
66343
66347
66359
66361
66373
66377
66383
66403
66413
66431
66449
66457
66463
66467
66491
66499
66509
66523
66529
66533
66541
66553
66569
66571
66587
66593
66601
66617
66629
66643
66653
